#Rev: sensefly/geoinfo/2
fileName	latitude	longitude	altitude_amsl	altitude_wgs84	heading	pitch	roll
IMG_2306.JPG	35.3845571000	139.4323793000	156.8328247070	197.6897125244	29.7537078857	-5.6152477264	14.1888532639	
IMG_2307.JPG	35.3852012000	139.4323709000	157.4173889160	198.4399261475	350.2185058594	1.0791579485	6.2638678551	
IMG_2308.JPG	35.3859423000	139.4325115000	158.2797698975	199.2897491455	16.0943355560	-1.5247457027	-9.3836278915	
IMG_2309.JPG	35.3865381000	139.4324255000	159.1831359863	200.3076019287	351.2456970215	-1.6717334986	4.9630236626	
IMG_2310.JPG	35.3871453000	139.4325176000	160.0408020020	201.0791931152	18.6704998016	-2.4369208813	-1.6632455587	
IMG_2311.JPG	35.3877603000	139.4324944000	163.1074218750	205.1254119873	363.1495361328	-2.0920002460	9.3759822845	
IMG_2312.JPG	35.3883406000	139.4325378000	163.5318450928	204.9494628906	8.0511808395	0.1719651073	1.8281116486	
IMG_2313.JPG	35.3889351000	139.4324665000	163.5980224609	205.8676757812	355.9497375488	2.4807562828	7.9206466675	
IMG_2314.JPG	35.3895552000	139.4325635000	164.1774139404	205.4329376221	15.9790916443	3.6272222996	-0.1419921219	
IMG_2315.JPG	35.3901637000	139.4325665000	164.0455780029	206.4284820557	8.1192312241	6.2358822823	17.5814247131	
IMG_2316.JPG	35.3907529000	139.4326172000	162.2395172119	204.1098022461	4.9474883080	9.0661592484	-7.8492574692	
IMG_2317.JPG	35.3914012000	139.4326156000	162.6830139160	204.1289672852	13.8027925491	2.0696902275	15.2369413376	
IMG_2318.JPG	35.3919949000	139.4326828000	162.1648864746	203.7977447510	7.4436640739	9.4313945770	3.8244392872	
IMG_2319.JPG	35.3925992000	139.4326817000	160.9894256592	201.7818756104	14.6274080276	-0.0579447709	11.6987304688	
IMG_2320.JPG	35.3926879000	139.4318808000	163.8699798584	203.2886657715	179.0261383057	10.4216585159	-6.8371491432	
IMG_2321.JPG	35.3922476000	139.4318292000	158.1116790771	198.6165466309	189.6038818359	0.4415855110	-8.8729438782	
IMG_2322.JPG	35.3918566000	139.4317716000	159.0883178711	199.9486083984	175.9422454834	5.5551533699	-3.6813538074	
IMG_2323.JPG	35.3914835000	139.4318539000	158.7525329590	199.8731384277	176.3370971680	5.7113804817	4.3814835548	
IMG_2324.JPG	35.3911149000	139.4317702000	159.9053649902	201.9056091309	188.0356597900	-0.1725211143	0.4403053522	
IMG_2325.JPG	35.3907206000	139.4318089000	159.7614593506	201.7907257080	172.9854125977	2.0173630714	-7.4921097755	
IMG_2326.JPG	35.3903106000	139.4317640000	159.9833068848	200.4023590088	185.1194458008	0.9512535930	-8.6377983093	
IMG_2327.JPG	35.3899243000	139.4317266000	161.4868316650	201.8105621338	181.0627593994	2.0974287987	0.8792012334	
IMG_2328.JPG	35.3895355000	139.4317700000	157.7211608887	197.9853820801	178.4208221436	-3.5213711262	7.0217723846	
IMG_2329.JPG	35.3891010000	139.4316952000	159.3424835205	200.4823608398	182.2701110840	4.8111152649	-0.9534497857	
IMG_2330.JPG	35.3887096000	139.4317450000	162.1610565186	204.5675811768	171.1430358887	2.7683777809	0.3714392185	
IMG_2331.JPG	35.3883374000	139.4317263000	166.9398498535	208.7300872803	189.4952239990	-2.7042839527	-8.1443490982	
IMG_2332.JPG	35.3879584000	139.4316850000	163.0489959717	204.9139709473	172.0460662842	1.6203321218	4.2817387581	
IMG_2333.JPG	35.3875723000	139.4317321000	158.9367828369	199.6069946289	183.3915710449	1.2475929260	0.9891288877	
IMG_2334.JPG	35.3871862000	139.4316478000	161.3229522705	201.3089599609	180.5455017090	5.0283355713	-3.7516248226	
IMG_2335.JPG	35.3867932000	139.4316511000	157.9789581299	197.3051757812	184.6835632324	1.5375229120	0.4108957350	
IMG_2336.JPG	35.3863848000	139.4316101000	158.8067016602	199.3504791260	176.2688140869	1.4628456831	-7.8182001114	
IMG_2337.JPG	35.3860055000	139.4316167000	159.6146087646	199.5917358398	183.1301727295	1.0017279387	0.0975521654	
IMG_2338.JPG	35.3856318000	139.4315946000	162.9577178955	203.0662689209	172.9665374756	5.0362615585	-7.9488630295	
IMG_2339.JPG	35.3852383000	139.4316575000	159.3372802734	199.2258300781	179.6310729980	6.7081809044	3.9738156796	
IMG_2340.JPG	35.3848269000	139.4315671000	158.3922119141	198.9106597900	187.0255889893	3.5750517845	-7.5304269791	
IMG_2341.JPG	35.3844795000	139.4315752000	159.1219635010	199.1427001953	174.8668670654	-1.7606861591	-11.3176193237	
IMG_2342.JPG	35.3840732000	139.4315513000	160.6618957520	199.2015991211	178.2363586426	2.2443618774	-0.9126683474	
IMG_2343.JPG	35.3845401000	139.4307804000	159.0242004395	196.9422454834	349.2859497070	11.2550611496	-1.6936880350	
IMG_2344.JPG	35.3852284000	139.4308123000	158.9801788330	196.7071075439	14.0953636169	3.0550940037	8.1363821030	
IMG_2345.JPG	35.3859270000	139.4308473000	160.2326354980	197.2663879395	11.5883941650	-4.3118753433	12.2718343735	
IMG_2346.JPG	35.3865716000	139.4308023000	162.8135070801	199.5089721680	350.2895812988	-5.0328507423	14.3610839844	
IMG_2347.JPG	35.3872081000	139.4308920000	164.2187652588	202.0931549072	6.2016067505	8.1345977783	-0.2346458435	
IMG_2348.JPG	35.3878053000	139.4308854000	161.8726654053	198.9082794189	0.8613742590	7.4087524414	2.7516803741	
IMG_2349.JPG	35.3884094000	139.4308935000	161.6207427979	199.0288391113	359.9860229492	-1.6918803453	1.9444485903	
IMG_2350.JPG	35.3890384000	139.4309207000	160.8228149414	198.1829071045	7.3332405090	-1.8646184206	7.8067774773	
IMG_2351.JPG	35.3896698000	139.4309454000	161.5158843994	198.7335662842	358.8426208496	-2.0251369476	2.8212575912	
IMG_2352.JPG	35.3902813000	139.4309503000	162.4557189941	199.3267974854	353.5130004883	7.7456378937	-9.9040060043	
IMG_2353.JPG	35.3909113000	139.4309946000	162.8811492920	200.3979797363	1.4881465435	-1.8331593275	-6.3407764435	
IMG_2354.JPG	35.3915218000	139.4310020000	165.9646301270	203.2957153320	5.8619575500	-4.9100890160	17.8210277557	
IMG_2355.JPG	35.3921101000	139.4310486000	163.1811370850	200.4100799561	10.7864780426	4.3139314651	1.4690051079	
IMG_2356.JPG	35.3927037000	139.4310442000	161.7308044434	198.8757476807	3.2179474831	-0.5212312937	9.3236913681	
IMG_2357.JPG	35.3927042000	139.4302108000	159.5037689209	198.3218841553	182.0550842285	2.1331136227	-4.2377829552	
IMG_2358.JPG	35.3922741000	139.4301963000	159.5625915527	198.0641784668	192.7177886963	6.3810348511	4.2645392418	
IMG_2359.JPG	35.3918607000	139.4301825000	161.0030212402	200.1802368164	180.8417358398	3.1388454437	3.2257866859	
IMG_2360.JPG	35.3914647000	139.4301963000	159.3342132568	198.2198181152	177.1212005615	8.4946289062	-0.9915838242	
IMG_2361.JPG	35.3910488000	139.4301818000	160.0404510498	199.1105957031	183.1024627686	5.8502669334	-3.6986832619	
IMG_2362.JPG	35.3906626000	139.4301577000	160.2881927490	199.1783447266	175.8317260742	3.3852221966	-9.2858505249	
IMG_2363.JPG	35.3902414000	139.4301949000	159.7209167480	198.7653045654	185.3483276367	2.8126871586	7.9813809395	
IMG_2364.JPG	35.3898623000	139.4301542000	161.9105987549	201.2858581543	182.9470672607	4.7234144211	-3.6060640812	
IMG_2365.JPG	35.3894601000	139.4300925000	160.4500274658	199.0655364990	182.9112854004	-0.2682428956	-8.9664506912	
IMG_2366.JPG	35.3890402000	139.4301485000	160.3099212646	198.4856262207	175.1433258057	0.1706896126	3.1841080189	
IMG_2367.JPG	35.3886226000	139.4300684000	162.3544158936	201.9036560059	191.7205200195	-3.4665167332	-6.4123682976	
IMG_2368.JPG	35.3881886000	139.4300948000	159.1114959717	198.2795104980	180.1061248779	3.0100939274	3.1023445129	
IMG_2369.JPG	35.3878028000	139.4300894000	159.7531890869	198.5511474609	173.5120391846	1.0657099485	-0.9130562544	
IMG_2370.JPG	35.3873959000	139.4301041000	161.7413482666	202.0146179199	184.1412506104	1.7220706940	2.3661775589	
IMG_2371.JPG	35.3870054000	139.4300765000	161.9672241211	202.3602447510	179.0812225342	3.3491694927	1.7788950205	
IMG_2372.JPG	35.3865846000	139.4300001000	159.6701049805	199.4234924316	179.0993041992	5.3175039291	-0.3567126095	
IMG_2373.JPG	35.3862027000	139.4300341000	160.8227691650	200.7800903320	184.8600921631	2.8442909718	5.5533757210	
IMG_2374.JPG	35.3857736000	139.4299884000	159.4936828613	199.2902526855	182.3599090576	6.5227322578	-11.1834897995	
IMG_2375.JPG	35.3853704000	139.4299973000	160.9622192383	200.0127868652	175.6764678955	0.6597447395	-1.1312071085	
IMG_2376.JPG	35.3849985000	139.4299084000	161.8959655762	199.7773437500	190.0056610107	1.6936768293	-6.8161959648	
IMG_2377.JPG	35.3843841000	139.4300250000	158.8048706055	196.8914489746	175.9208984375	-0.2463059127	9.9575099945	
IMG_2378.JPG	35.3846102000	139.4291444000	158.3858642578	195.5860900879	341.9969482422	3.6332554817	2.1080524921	
IMG_2379.JPG	35.3852815000	139.4291980000	160.0970764160	198.2898101807	17.7009277344	2.1821603775	0.9257160425	
IMG_2380.JPG	35.3859747000	139.4291626000	163.1170654297	201.6920623779	344.8962402344	4.8424344063	8.3243341446	
IMG_2381.JPG	35.3866342000	139.4292377000	162.9322662354	201.2180175781	6.1361222267	9.4300508499	-11.0910310745	
IMG_2382.JPG	35.3872531000	139.4292285000	162.7811737061	200.8418273926	-2.0998716354	9.6820192337	7.1254744530	
IMG_2383.JPG	35.3878635000	139.4292834000	161.1692199707	198.6949768066	10.6073913574	6.1142611504	-0.7432049513	
IMG_2384.JPG	35.3884895000	139.4292786000	162.1110992432	199.1627197266	349.3940429688	8.7041501999	4.3448748589	
IMG_2385.JPG	35.3890893000	139.4293162000	161.5794830322	198.6759185791	3.9363467693	9.0953531265	2.6571393013	
IMG_2386.JPG	35.3897201000	139.4293308000	162.3861389160	199.8497009277	3.6583919525	1.6618920565	-8.3049154282	
IMG_2387.JPG	35.3903524000	139.4293220000	163.2424621582	200.6513214111	352.8597717285	11.2299232483	4.7632260323	
IMG_2388.JPG	35.3909665000	139.4293261000	163.3529357910	200.9670410156	347.5027770996	9.7601680756	2.4161128998	
IMG_2389.JPG	35.3915697000	139.4294204000	163.9915313721	201.6364135742	12.6078891754	1.1080991030	-12.0738811493	
IMG_2390.JPG	35.3921657000	139.4293957000	163.3391113281	200.7617187500	351.4834289551	9.1854543686	3.5141890049	
IMG_2391.JPG	35.3927810000	139.4293983000	163.5935668945	201.3799133301	-1.2779767513	7.1087846756	9.3078823090	
IMG_2392.JPG	35.3927610000	139.4286735000	161.2534332275	200.4199981689	176.8318481445	-5.4467020035	4.6756424904	
IMG_2393.JPG	35.3923458000	139.4286107000	160.5053863525	201.0009613037	188.2619171143	0.2388545424	-8.0475692749	
IMG_2394.JPG	35.3919266000	139.4285977000	160.4122619629	201.0335083008	182.7323150635	5.5356597900	5.3147602081	
IMG_2395.JPG	35.3915501000	139.4285848000	162.7510833740	202.6389770508	185.2664642334	1.5565052032	-0.9402392507	
IMG_2396.JPG	35.3911364000	139.4285416000	160.1876373291	200.4494018555	183.4583282471	3.2161803246	-0.7178671360	
IMG_2397.JPG	35.3907350000	139.4285483000	159.4776458740	199.4933776855	181.3574371338	2.5922234058	1.6311641932	
IMG_2398.JPG	35.3903489000	139.4285506000	162.2231597900	201.3727416992	173.3458404541	3.2374665737	4.7097654343	
IMG_2399.JPG	35.3898636000	139.4284628000	160.4521026611	201.0782775879	187.2331542969	7.4645948410	-2.8997344971	
IMG_2400.JPG	35.3894105000	139.4284874000	153.7617492676	194.0406188965	192.7964324951	1.9031366110	4.3458256721	
IMG_2401.JPG	35.3889854000	139.4285164000	155.8124847412	195.5870208740	185.0129394531	10.5809211731	16.9304809570	
IMG_2402.JPG	35.3886328000	139.4284681000	161.1223754883	201.3268737793	186.9007110596	-6.0349164009	-4.7457709312	
IMG_2403.JPG	35.3882197000	139.4284438000	159.9794921875	199.5554504395	193.1338043213	-1.6711603403	5.9976687431	
IMG_2404.JPG	35.3878313000	139.4284185000	159.8057098389	199.9519195557	177.5836791992	0.3896155357	-6.6391410828	
IMG_2405.JPG	35.3874666000	139.4284497000	158.2141113281	197.0117950439	193.9479064941	5.2163367271	9.7904090881	
IMG_2406.JPG	35.3870465000	139.4284025000	159.4344482422	199.0633239746	178.8633117676	2.8698210716	-4.3887300491	
IMG_2407.JPG	35.3866842000	139.4284854000	162.2559509277	201.6829833984	173.9792480469	2.9206736088	2.6997380257	
IMG_2408.JPG	35.3861920000	139.4283594000	160.9251403809	199.2963562012	186.8135528564	5.0832729340	-9.7896041870	
IMG_2409.JPG	35.3857702000	139.4283645000	160.3794555664	200.3321990967	181.0792388916	0.9464986920	1.9276173115	
IMG_2410.JPG	35.3853887000	139.4283590000	162.6833190918	202.2927856445	177.9154968262	8.2019863129	-8.9405908585	
IMG_2411.JPG	35.3850011000	139.4284427000	157.0147094727	195.4616699219	181.7535095215	1.2308784723	8.5229482651	
IMG_2412.JPG	35.3846394000	139.4283010000	162.1920776367	200.5946502686	185.5794219971	4.8198313713	-6.4374904633	
IMG_2413.JPG	35.3842140000	139.4283533000	157.9253845215	196.5166015625	172.4122009277	2.1112670898	0.9634982944	
IMG_2414.JPG	35.3848049000	139.4275891000	154.5817565918	192.1435699463	352.5050659180	-1.6950752735	-7.4829154015	
IMG_2415.JPG	35.3854039000	139.4275573000	157.9839477539	195.7568206787	4.7970271111	-1.8215181828	13.0972232819	
IMG_2416.JPG	35.3859975000	139.4275423000	160.8583984375	199.7330017090	339.4042358398	4.1928315163	-17.0425128937	
IMG_2417.JPG	35.3867453000	139.4276815000	158.3964691162	196.8661346436	10.4079275131	3.7598390579	-10.1284179688	
IMG_2418.JPG	35.3873230000	139.4275803000	160.4446563721	198.8721923828	342.4917297363	2.6272149086	6.0172610283	
IMG_2419.JPG	35.3879716000	139.4276940000	161.5821228027	200.1912689209	8.6814956665	0.2714741528	-12.4338331223	
IMG_2420.JPG	35.3887254000	139.4276057000	161.0315856934	199.5187988281	349.9462890625	5.1628098488	-6.5526299477	
IMG_2421.JPG	35.3893529000	139.4276942000	162.0755310059	200.5851745605	-5.0087337494	5.1796808243	-12.6795043945	
IMG_2422.JPG	35.3899789000	139.4277098000	162.7127227783	201.3416137695	-1.0971734524	7.8643660545	1.3562762737	
IMG_2423.JPG	35.3906051000	139.4277366000	162.8220520020	201.4364166260	-3.1647830009	9.0362920761	0.3009497821	
IMG_2424.JPG	35.3912124000	139.4277442000	162.1896972656	200.6323089600	4.3249797821	2.6252975464	5.8819441795	
IMG_2425.JPG	35.3918250000	139.4277368000	164.4476013184	202.8071289062	-4.0206909180	2.8742530346	-2.5044381618	
IMG_2426.JPG	35.3924423000	139.4277590000	165.0778045654	203.3124084473	348.2626647949	5.4680457115	-14.0955753326	
IMG_2427.JPG	35.3930158000	139.4278521000	161.6841278076	199.4331207275	25.9104347229	7.4370942116	-4.6366925240	
IMG_2428.JPG	35.3927644000	139.4270172000	159.9808807373	198.1621704102	182.1610412598	0.6727216840	10.2373294830	
IMG_2429.JPG	35.3923355000	139.4269201000	163.8531494141	203.0827636719	198.6787567139	4.1616497040	-10.7407770157	
IMG_2430.JPG	35.3918124000	139.4269741000	162.3648681641	202.1639556885	178.7388153076	1.0468695164	13.1414327621	
IMG_2431.JPG	35.3913732000	139.4269264000	161.6700134277	200.8817443848	187.3982543945	2.4315321445	-14.5275096893	
IMG_2432.JPG	35.3909897000	139.4269359000	161.3535766602	200.0693817139	188.7549743652	1.6806519032	-2.8947324753	
IMG_2433.JPG	35.3905523000	139.4268946000	162.1667327881	201.0538177490	185.5518341064	-4.8302206993	-0.9540703893	
IMG_2434.JPG	35.3901565000	139.4269131000	165.2337799072	204.6289672852	193.0911254883	1.9321749210	-3.5475060940	
IMG_2435.JPG	35.3897391000	139.4268711000	165.5796813965	204.9729461670	185.4244842529	3.9463739395	-5.5019440651	
IMG_2436.JPG	35.3893625000	139.4268790000	167.2506408691	206.0176849365	184.7167663574	4.6569485664	-6.6272950172	
IMG_2437.JPG	35.3889552000	139.4268694000	167.1503448486	205.9440002441	188.2754669189	1.3558453321	6.5010647774	
IMG_2438.JPG	35.3885600000	139.4268088000	166.0160217285	204.8836212158	188.6024475098	5.0432386398	-10.7367525101	
IMG_2439.JPG	35.3881751000	139.4268555000	165.4084167480	204.1873931885	184.1383056641	1.5504536629	-0.9287261367	
IMG_2440.JPG	35.3877549000	139.4267813000	162.2656402588	202.2857360840	192.1637420654	1.1032670736	-2.3395617008	
IMG_2441.JPG	35.3873741000	139.4268086000	160.7668609619	198.5382843018	181.7343902588	3.0470128059	4.3989920616	
IMG_2442.JPG	35.3869725000	139.4267905000	158.5435485840	196.3814239502	186.8872375488	2.0428328514	-8.2597522736	
IMG_2443.JPG	35.3865788000	139.4267834000	158.9739532471	196.9619445801	192.0976409912	4.9198360443	5.2727060318	
IMG_2444.JPG	35.3861776000	139.4267484000	159.5254211426	199.4594573975	178.2402954102	-1.7025637627	-16.3215427399	
IMG_2445.JPG	35.3857368000	139.4267252000	159.4960021973	199.2241973877	184.6595764160	4.9712395668	3.1755154133	
IMG_2446.JPG	35.3853621000	139.4267496000	163.8407287598	204.4208374023	182.4265899658	0.4657340050	0.7629058361	
IMG_2447.JPG	35.3849706000	139.4266942000	166.8665618896	206.3612823486	188.2434082031	3.4101133347	3.9432010651	
IMG_2448.JPG	35.3845899000	139.4266842000	163.5430145264	203.0350799561	188.1157989502	0.9001021981	4.0603346825	
IMG_2449.JPG	35.3841834000	139.4266649000	161.6173095703	200.8159790039	183.2982482910	3.3113796711	1.3450356722	
IMG_2450.JPG	35.3846505000	139.4259069000	158.2154693604	196.1164550781	347.1087646484	0.0169828385	-2.8296864033	
IMG_2451.JPG	35.3852877000	139.4259442000	164.5858917236	204.0963592529	2.0599503517	-2.7628064156	-3.7558608055	
IMG_2452.JPG	35.3858570000	139.4259235000	165.9820709229	205.0370941162	342.8647460938	3.6610698700	-3.8858282566	
IMG_2453.JPG	35.3864816000	139.4259122000	164.6982574463	203.5788116455	-2.8525600433	4.6215820312	2.6500842571	
IMG_2454.JPG	35.3871216000	139.4260075000	161.0806274414	199.1446685791	2.7321634293	6.8102407455	0.6371931434	
IMG_2455.JPG	35.3877251000	139.4259927000	159.6099700928	199.1466674805	340.5560607910	7.4222044945	-0.9220157862	
IMG_2456.JPG	35.3883518000	139.4260339000	162.8712768555	202.4077606201	10.4234704971	6.7366938591	1.6140319109	
IMG_2457.JPG	35.3889848000	139.4260588000	160.7662963867	199.7727203369	-7.9177722931	6.0071992874	3.3049008846	
IMG_2458.JPG	35.3896004000	139.4260714000	161.6856536865	200.6194915771	-9.7762937546	4.1793289185	7.8416037560	
IMG_2459.JPG	35.3902535000	139.4261089000	161.9581298828	200.4887695312	-1.7907576561	-5.8215260506	-2.6248655319	
IMG_2460.JPG	35.3908558000	139.4261088000	161.7865753174	199.7636566162	-7.6823902130	7.0475902557	3.5465850830	
IMG_2461.JPG	35.3914784000	139.4261306000	161.2272949219	199.2157287598	-4.2316746712	-5.9134221077	6.9153256416	
IMG_2462.JPG	35.3921434000	139.4261008000	164.1706237793	202.0576934814	-12.3239431381	12.1254482269	6.5203952789	
IMG_2463.JPG	35.3928100000	139.4261985000	164.3637084961	201.5823822021	-10.0556678772	7.3367338181	-1.9546494484	
IMG_2464.JPG	35.3927990000	139.4254212000	157.2563323975	194.2260742188	189.5808410645	2.8640086651	7.4606490135	
IMG_2465.JPG	35.3924167000	139.4253784000	160.4298706055	197.7045440674	187.4031982422	7.9521589279	-2.9575142860	
IMG_2466.JPG	35.3920048000	139.4253216000	157.9393768311	196.4622955322	192.1321716309	5.7019290924	-5.6068453789	
IMG_2467.JPG	35.3916014000	139.4253043000	159.4691925049	198.8148345947	197.0157623291	2.5930926800	-2.1637482643	
IMG_2468.JPG	35.3911920000	139.4253179000	160.4341125488	200.4484863281	175.3607788086	6.7683620453	-4.8764848709	
IMG_2469.JPG	35.3908210000	139.4253037000	158.9315643311	198.4214019775	199.8036956787	2.8760416508	1.0096637011	
IMG_2470.JPG	35.3904093000	139.4252603000	162.7728271484	201.5835113525	181.4639587402	-0.3591631353	-0.3148583472	
IMG_2471.JPG	35.3900300000	139.4252530000	159.0662536621	197.5912170410	186.1144714355	4.6165728569	-0.0684147999	
IMG_2472.JPG	35.3896653000	139.4252399000	162.9541778564	201.5603179932	195.9646759033	8.6372823715	-8.4704713821	
IMG_2473.JPG	35.3892398000	139.4252141000	156.5424346924	195.8650970459	183.2307281494	3.4918031693	-6.3728871346	
IMG_2474.JPG	35.3888568000	139.4252359000	163.5034637451	202.5084533691	192.2911224365	11.4218301773	1.6651650667	
IMG_2475.JPG	35.3884358000	139.4251975000	156.6086730957	195.6074371338	189.7444000244	2.2790782452	-0.8875199556	
IMG_2476.JPG	35.3880439000	139.4251949000	161.5569000244	200.9755706787	186.7797698975	0.6183795333	-7.2268385887	
IMG_2477.JPG	35.3876313000	139.4252421000	160.0617675781	199.3382415771	183.1033935547	2.6276807785	-2.8148150444	
IMG_2478.JPG	35.3872544000	139.4251577000	160.3889160156	199.4945526123	196.6773681641	6.8711080551	-1.5610815287	
IMG_2479.JPG	35.3868410000	139.4251900000	161.1907806396	201.0293884277	182.1897277832	0.2233488113	3.9310739040	
IMG_2480.JPG	35.3864530000	139.4251679000	160.4059448242	199.5055541992	193.2406005859	3.3930726051	6.8412084579	
IMG_2481.JPG	35.3860660000	139.4250662000	161.4533996582	200.2179260254	201.2360839844	-0.4318652749	0.3612428308	
IMG_2482.JPG	35.3856778000	139.4250865000	159.0844573975	197.7606964111	180.3920593262	0.3446931243	-5.8417315483	
IMG_2483.JPG	35.3853108000	139.4250874000	162.0879211426	200.8944549561	193.5982208252	7.5221514702	-0.7890739441	
IMG_2484.JPG	35.3848858000	139.4250480000	156.1007843018	194.8485107422	182.3351745605	2.7893195152	-8.2532548904	
IMG_2485.JPG	35.3844993000	139.4251472000	162.5334014893	202.0405883789	183.1645507812	4.2426404953	5.7763156891	
IMG_2486.JPG	35.3840985000	139.4250507000	158.8560485840	197.0769958496	193.7071228027	4.1188774109	-6.6596989632	
IMG_2487.JPG	35.3847625000	139.4243201000	158.1476898193	194.4177551270	-12.6056585312	-0.2998138070	-10.1229009628	
IMG_2488.JPG	35.3854699000	139.4243025000	160.1668548584	197.3259277344	-10.1403903961	-0.3859640956	-4.7109470367	
IMG_2489.JPG	35.3861794000	139.4243261000	161.5413818359	199.5333709717	-10.1011180878	2.2740864754	7.5176706314	
IMG_2490.JPG	35.3869106000	139.4243647000	162.9237365723	201.3549652100	-1.8507251740	3.8983132839	-1.2546764612	
IMG_2491.JPG	35.3875799000	139.4244018000	165.2842712402	204.0404663086	-6.8893446922	8.3024444580	3.8174355030	
IMG_2492.JPG	35.3882166000	139.4243865000	163.2787322998	201.8763122559	-12.3630867004	2.4775204659	9.9351387024	
IMG_2493.JPG	35.3888759000	139.4244471000	163.3200836182	201.1520385742	1.8611183167	6.1404170990	9.6608915329	
IMG_2494.JPG	35.3895824000	139.4244322000	163.3201904297	200.3599853516	-12.5861825943	8.2592515945	9.8409166336	
IMG_2495.JPG	35.3902839000	139.4244980000	163.6049194336	200.7331390381	-4.5885725021	4.1504149437	-3.1929488182	
IMG_2496.JPG	35.3909861000	139.4245205000	164.2882080078	201.8695373535	-11.5450887680	7.4210815430	-10.1648283005	
IMG_2497.JPG	35.3916899000	139.4245141000	163.8415679932	200.9739532471	-2.0083961487	1.3595046997	12.4612617493	
IMG_2498.JPG	35.3923810000	139.4245367000	164.3915252686	201.0335845947	-12.3853206635	15.1494503021	5.2211980820	
IMG_2499.JPG	35.3930849000	139.4245881000	162.9787902832	200.1697387695	-2.9046831131	8.0264711380	11.4564704895	
